030,200:
  0.322 0.016 0.379 0.105 0.178
  0.009 0.412 0.022 0.169 0.387
  0.118 0.01 0.595 0.079 0.199
  0.057 0.069 0.143 0.503 0.228
  0.073 0.074 0.261 0.136 0.456

030,300:
  0.474 0.043 0.006 0.084 0.393
  0.026 0.545 0.084 0.205 0.14
  0.0 0.387 0.421 0.171 0.021
  0.072 0.227 0.048 0.492 0.16
  0.23 0.089 0.012 0.091 0.579

030,400:
  0.46 0.08 0.014 0.406 0.04
  0.08 0.495 0.082 0.158 0.184
  0.018 0.196 0.412 0.039 0.336
  0.234 0.08 0.016 0.582 0.087
  0.029 0.159 0.112 0.134 0.566

040,200:
  0.417 0.192 0.086 0.084 0.221
  0.077 0.519 0.158 0.024 0.222
  0.077 0.409 0.289 0.088 0.137
  0.186 0.126 0.178 0.458 0.053
  0.112 0.297 0.065 0.022 0.504

040,300:
  0.452 0.167 0.151 0.182 0.048
  0.13 0.596 0.131 0.058 0.086
  0.072 0.07 0.616 0.236 0.006
  0.129 0.053 0.32 0.485 0.012
  0.158 0.326 0.023 0.035 0.458

040,400:
  0.404 0.036 0.232 0.173 0.155
  0.097 0.458 0.099 0.023 0.323
  0.143 0.021 0.468 0.305 0.063
  0.07 0.006 0.215 0.641 0.068
  0.118 0.091 0.068 0.128 0.595

050,200:
  0.639 0.054 0.216 0.013 0.078
  0.123 0.55 0.061 0.094 0.171
  0.349 0.051 0.558 0.014 0.028
  0.042 0.18 0.021 0.463 0.293
  0.135 0.124 0.025 0.096 0.621

050,300:
  0.428 0.119 0.216 0.035 0.202
  0.081 0.57 0.138 0.005 0.207
  0.168 0.196 0.251 0.041 0.343
  0.083 0.005 0.176 0.487 0.25
  0.089 0.146 0.181 0.033 0.552

050,400:
  0.545 0.069 0.153 0.179 0.053
  0.281 0.486 0.176 0.012 0.044
  0.142 0.048 0.575 0.146 0.088
  0.088 0.005 0.083 0.619 0.205
  0.054 0.014 0.092 0.34 0.5

