030,200:
  0.392 0.083 0.203 0.2 0.123
  0.083 0.437 0.42 0.048 0.011
  0.095 0.245 0.578 0.069 0.012
  0.129 0.052 0.145 0.532 0.143
  0.29 0.015 0.073 0.355 0.267

030,300:
  0.321 0.136 0.427 0.02 0.095
  0.131 0.341 0.231 0.055 0.242
  0.168 0.095 0.657 0.007 0.073
  0.065 0.18 0.028 0.306 0.421
  0.054 0.153 0.129 0.115 0.548

030,400:
  0.603 0.054 0.078 0.112 0.153
  0.069 0.54 0.072 0.01 0.309
  0.265 0.239 0.295 0.052 0.148
  0.562 0.015 0.085 0.3 0.039
  0.141 0.289 0.048 0.01 0.512

040,200:
  0.637 0.036 0.117 0.026 0.183
  0.111 0.261 0.376 0.137 0.115
  0.171 0.072 0.548 0.166 0.043
  0.044 0.1 0.41 0.392 0.055
  0.406 0.054 0.074 0.023 0.443

040,300:
  0.308 0.162 0.236 0.055 0.239
  0.035 0.701 0.106 0.014 0.144
  0.102 0.183 0.461 0.069 0.186
  0.093 0.047 0.318 0.333 0.208
  0.099 0.306 0.222 0.057 0.316

040,400:
  0.225 0.048 0.198 0.067 0.462
  0.013 0.676 0.03 0.18 0.102
  0.116 0.102 0.324 0.112 0.346
  0.032 0.438 0.045 0.394 0.091
  0.085 0.15 0.128 0.052 0.585

050,200:
  0.631 0.02 0.229 0.024 0.095
  0.109 0.295 0.122 0.101 0.372
  0.323 0.061 0.511 0.028 0.078
  0.05 0.079 0.049 0.417 0.405
  0.132 0.115 0.072 0.178 0.503

050,300:
  0.636 0.148 0.09 0.101 0.025
  0.102 0.614 0.047 0.006 0.231
  0.312 0.216 0.275 0.056 0.141
  0.495 0.026 0.051 0.429 0.0
  0.042 0.349 0.041 0.004 0.563

050,400:
  0.545 0.152 0.06 0.126 0.118
  0.117 0.6 0.235 0.021 0.027
  0.068 0.312 0.551 0.018 0.05
  0.408 0.041 0.066 0.338 0.146
  0.338 0.096 0.098 0.122 0.345

