030,200:
  0.578 0.012 0.245 0.095 0.069
  0.073 0.267 0.015 0.29 0.355
  0.42 0.011 0.437 0.083 0.048
  0.203 0.123 0.083 0.392 0.2
  0.145 0.143 0.052 0.129 0.532

030,300:
  0.657 0.007 0.168 0.095 0.073
  0.028 0.306 0.065 0.18 0.421
  0.427 0.02 0.321 0.136 0.095
  0.231 0.055 0.131 0.341 0.242
  0.129 0.115 0.054 0.153 0.548

030,400:
  0.512 0.01 0.289 0.048 0.141
  0.039 0.3 0.015 0.085 0.562
  0.309 0.01 0.54 0.072 0.069
  0.148 0.052 0.239 0.295 0.265
  0.153 0.112 0.054 0.078 0.603

040,200:
  0.637 0.026 0.183 0.036 0.117
  0.044 0.392 0.055 0.1 0.41
  0.406 0.023 0.443 0.054 0.074
  0.111 0.137 0.115 0.261 0.376
  0.171 0.166 0.043 0.072 0.548

040,300:
  0.308 0.236 0.162 0.055 0.239
  0.102 0.461 0.183 0.069 0.186
  0.035 0.106 0.701 0.014 0.144
  0.093 0.318 0.047 0.333 0.208
  0.099 0.222 0.306 0.057 0.316

040,400:
  0.676 0.013 0.18 0.03 0.102
  0.048 0.225 0.067 0.198 0.462
  0.438 0.032 0.394 0.045 0.091
  0.102 0.116 0.112 0.324 0.346
  0.15 0.085 0.052 0.128 0.585

050,200:
  0.631 0.024 0.229 0.02 0.095
  0.05 0.417 0.049 0.079 0.405
  0.323 0.028 0.511 0.061 0.078
  0.109 0.101 0.122 0.295 0.372
  0.132 0.178 0.072 0.115 0.503

050,300:
  0.614 0.006 0.231 0.047 0.102
  0.026 0.429 0.0 0.051 0.495
  0.349 0.004 0.563 0.041 0.042
  0.216 0.056 0.141 0.275 0.312
  0.148 0.101 0.025 0.09 0.636

050,400:
  0.6 0.021 0.235 0.027 0.117
  0.041 0.338 0.066 0.146 0.408
  0.312 0.018 0.551 0.05 0.068
  0.096 0.122 0.098 0.345 0.338
  0.152 0.126 0.06 0.118 0.545

