030,200:
  0.593 0.069 0.086 0.238 0.014
  0.136 0.55 0.131 0.046 0.136
  0.225 0.186 0.386 0.095 0.108
  0.401 0.038 0.073 0.475 0.013
  0.066 0.383 0.263 0.019 0.268

030,300:
  0.658 0.007 0.164 0.095 0.076
  0.032 0.302 0.053 0.177 0.436
  0.423 0.019 0.333 0.129 0.096
  0.238 0.046 0.131 0.362 0.224
  0.126 0.112 0.063 0.14 0.559

030,400:
  0.519 0.01 0.283 0.049 0.139
  0.037 0.298 0.011 0.089 0.565
  0.313 0.01 0.53 0.072 0.076
  0.16 0.051 0.218 0.293 0.279
  0.145 0.11 0.054 0.077 0.614

040,200:
  0.262 0.132 0.128 0.353 0.124
  0.097 0.41 0.045 0.402 0.045
  0.048 0.028 0.435 0.072 0.417
  0.073 0.169 0.049 0.547 0.161
  0.032 0.025 0.188 0.122 0.633

040,300:
  0.706 0.035 0.143 0.012 0.104
  0.156 0.305 0.242 0.052 0.245
  0.302 0.103 0.333 0.058 0.203
  0.051 0.08 0.216 0.331 0.322
  0.173 0.104 0.17 0.066 0.487

040,400:
  0.406 0.434 0.026 0.049 0.084
  0.188 0.666 0.013 0.03 0.104
  0.076 0.056 0.224 0.193 0.451
  0.106 0.088 0.116 0.329 0.361
  0.047 0.145 0.082 0.127 0.599

050,200:
  0.333 0.103 0.339 0.091 0.134
  0.095 0.429 0.383 0.047 0.046
  0.11 0.18 0.506 0.14 0.063
  0.016 0.024 0.1 0.622 0.239
  0.059 0.03 0.081 0.324 0.506

050,300:
  0.396 0.071 0.001 0.03 0.502
  0.064 0.289 0.135 0.208 0.304
  0.005 0.045 0.564 0.341 0.046
  0.008 0.042 0.224 0.624 0.102
  0.102 0.086 0.024 0.148 0.641

050,400:
  0.539 0.12 0.126 0.153 0.062
  0.329 0.35 0.123 0.086 0.111
  0.403 0.132 0.355 0.049 0.062
  0.117 0.025 0.02 0.602 0.236
  0.072 0.05 0.023 0.299 0.557

